
power = 2765.63324050661
throughput = 6526.98
composite = 4248.67424594094
